2.3767e+06
2.55867e+06
2.80761e+06
3.18737e+06
3.92442e+06
6.54662e+06
1.92834e+06
45685.2
34470.8
29932.6
26589.9
22424
18744.4
15174.7
12152.2
9639.89
7624.66
6739.9
5598.02
4164.28
3478.88
2794.17
2168.85
1848.73
1556.18
1336.73
1325.89
985.185
947.009
883.434
794.625
734.901
670.671
617.298
515.214
475.356
397.729
363.174
321.226
262.361
207.169
182.34
156.813
155.915
120.374
127.523
147.493
103.794
60.3261
47.3716
45.5368
44.4532
62.9415
89.6352
83.8194
60.6939
60.8294
78.0593
10.3597
10.799
32.3311
10.4143
35.3621
11.3885
10.8339
14.9759
26.103
10.7436
31.9918
4.02469
1.35905
0.512303
1.14764
1.21487
0.432237
3.60243
18.2304
5.83202
9.71006
3.46204
1.54217
1.10636
9.36355
37.9293
0.29276
3.65879
2.1532
0.453114
12.8794
2.92655
27.8781
2.1712
13.7151
21.837
4.34844
3.35106
3.21299
0.498875
1.41976
20.5069
2.87931
10.5846
2.4974
3.29094
0.0330925
2.34706
0.108398
0.0296027
0
0.206581
2.48965
0.395913
0
0
0
0
20.4935
0
0
0
