735436
742851
751357
763501
780127
790204
809264
828841
851302
874637
895976
930849
970432
1.01946e+06
1.08001e+06
1.16642e+06
1.28586e+06
1.4625e+06
1.81045e+06
3.26556e+06
254084
65296.1
57432.7
50180
41681.9
36253.8
33030.6
30285.4
28758.5
27062.6
25429
24164.9
22141.3
21147.7
20350.4
18788.8
17275.6
16986.7
15783.6
15093.8
13464.7
12451.1
11551.6
10762.9
10195.5
9236.25
8827.55
8324.81
8069.52
7453.79
6729.81
5841.07
5093.58
4358.03
3985.84
3735.45
3642.58
3163.87
2698.36
2572.03
2239.59
2228.11
2150.88
1852.32
1751.83
1576.67
1413.82
1203.05
1157.88
1209.67
1199.79
948.111
871.8
883.394
807.747
837.064
897.641
704.729
648.791
557.055
468.935
480.165
430.934
357.84
324.4
377.402
347.316
391.961
416.469
350.324
352.874
321.48
344.702
248.924
202.285
215.952
211.203
237.225
229.099
236.789
227.258
248.32
167.174
155.062
156.853
116.373
106.487
118.223
169.007
97.4735
108.055
86.7552
118.928
150.468
106.845
74.3468
156.153
114.53
73.0328
73.2973
