1.18827e+06
1.28026e+06
1.40261e+06
1.59086e+06
1.95888e+06
3.27248e+06
962885
23880.7
18197.2
15531.4
13703.8
11176.7
9166.74
7074.18
6007.57
4555.96
3731.62
3564.96
3184.25
2353.49
1978.38
1625.07
1292.36
1208.12
987.211
812.291
843.097
641.381
556.428
512.069
424.355
385.43
424.441
369.064
355.092
340.419
276.912
251.499
231.897
184.4
127.935
110.343
100.642
81.2239
61.9734
72.1599
74.8338
52.8265
35.8447
22.939
22.589
25.5963
35.9394
37.0219
48.8513
19.1444
28.8274
21.7835
0.730781
3.1088
21.1295
0.285492
24.711
2.23659
0.0738547
0.283219
1.76897
0
1.09631
0.638858
0.632599
0
0.652724
0.972123
0.275722
2.06713
2.75339
3.12734
4.17642
2.84161
1.54217
1.0881
9.36355
37.5529
0.29276
2.56228
0.228531
0.453114
12.8794
2.92655
26.5607
0.14524
10.572
16.3314
4.1399
0
0.665911
0
0.981538
0
0
0.964205
0.360839
0.806838
0
0.166682
0.0541988
0
0
0.206581
0.514097
0.00546977
0
0
0
0
0
0
0
0
