503099
507783
505240
511163
511435
507920
507274
507422
506862
506957
501159
501318
504469
501221
501486
501629
504812
502385
503635
499797
501457
502335
501947
503024
500674
501235
502258
505826
504095
508930
506559
510030
507856
510767
511046
512876
517598
520218
525313
527543
531008
538218
542208
549471
557606
560827
567996
576657
587324
598182
615539
633589
648709
667069
695175
731881
766683
813177
872371
965722
1.14535e+06
1.77195e+06
793096
110531
104085
99730.3
96389.3
92952.1
89007.2
84686.5
80627.6
77224.9
70704.1
65007
60191.8
58033.7
53827.4
50511.1
46219.5
44696.3
41664.7
39932.7
37861.5
36374.5
35817.6
33980.9
32590.1
31454.8
30833.5
29606.8
29012.3
28212.2
27482.7
27204.4
25911.5
25498.8
24962.8
24170.1
23385.5
22874.9
22104
20946.5
20501.4
20115.6
18898
18879.6
18244.1
17607.3
17398.6
16604.8
16995.8
16269.6
15506.6
15048.4
14460.8
14666.6
13956.4
13736.3
12730.7
12094.7
