580244
581766
585915
584563
589702
591911
595087
596333
601290
599691
606304
606704
608961
615656
618479
621502
630678
636432
640884
646315
654787
661508
671549
680789
691223
707110
718153
740707
757232
777981
803869
836880
872939
921237
987223
1.07801e+06
1.19666e+06
1.42667e+06
2.1964e+06
1.06144e+06
102756
97552.8
90434.8
84153.5
77001.4
70868.5
65127.2
59050
54133.7
49107.8
45430.8
41118.9
38770.4
37063.3
35049.9
33683.7
33319.2
31599.8
30206.2
28878.9
27266.9
26105.9
25261.6
24575.3
23519.9
22812.4
21774.3
21179.2
19898.8
19302
18703.7
17884.3
16647.6
16543.2
15934.5
15477.4
14683.1
13338.8
13028.9
11831.5
12019.2
11329
11062.5
10444.2
9780.18
9109.29
8825.95
8067.8
7758.28
7550.59
7654.04
6841.35
6833.14
6411.23
5721.9
5674.69
5315.18
4774.76
4810.43
4560.58
4069.48
3700.35
3824.69
3617.09
3433.13
3162.52
2809.81
2595.42
2406.74
2419.05
2174.34
2244.76
2222.65
2083.8
1900.68
1751.8
1701.91
1523.84
1543.67
1567.53
