489997
492338
494981
497426
500088
502896
505406
508031
511052
513989
516897
520102
523460
526295
529830
533129
536826
540630
544639
548131
552585
556856
561230
565893
570833
575564
580909
586355
591822
597757
604456
610643
617933
624693
631942
639676
648212
657860
668430
680097
692558
705464
719142
732729
746840
761998
779530
799334
822536
848272
876782
907384
941600
982896
1.03443e+06
1.09663e+06
1.17116e+06
1.27065e+06
1.40741e+06
1.61341e+06
1.99492e+06
3.27361e+06
1.36082e+06
0
0
0
0
0
0
0
0
0
0
0
0
0
0
0
0
0
0
0
0
0
0
0
0
0
0
0
0
0
0
0
0
0
0
0
0
0
0
0
0
0
0
0
0
0
0
0
0
0
0
0
0
0
0
0
0
0
