160.749
162.582
161.509
161.426
167.332
167.015
167.219
168.983
166.129
169.396
166.821
171.215
171.005
174.02
172.468
175.574
171.643
173.606
173.998
176.804
180.026
180.452
180.825
180.23
184.152
185.31
186.574
185.174
183.872
186.231
190.84
191.27
192.844
195.631
193.022
200.452
196.592
199.403
203.399
205.874
208.62
207.97
207.868
211.908
212.599
215.814
216.147
219.09
220.767
220.249
225.784
226.435
231.921
235.848
238.668
238.053
243.87
249.984
248.178
253.74
261.318
265.323
267.948
274.076
274.309
283.567
286.778
292.736
299.845
306.119
317.566
324.568
335.442
347.207
359.311
368.709
382.4
398.624
421.172
449.525
473.731
510.702
556.47
631.573
731.117
941.759
1678.97
243.929
0
0
0
0
0
0
0
0
0
0
0
0
0
0
0
0
0
0
0
0
0
0
0
0
0
0
0
0
0
0
0
0
